433.0125 433.2625 433.5125 433.7625 434.0125 434.2625 434.5125 434.7625
433.0250 433.2750 433.5250 433.7750 434.0250 434.2750 434.5250 434.7750
433.0375 433.2875 433.5375 433.7875 434.0375 434.2875 434.5375 434.7875
433.0500 433.3000 433.5500 433.8000 434.0500 434.3000 434.5500 434.8000
433.0625 433.3125 433.5625 433.8125 434.0625 434.3125 434.5625 434.8125
433.0750 433.3250 433.5750 433.8250 434.0750 434.3250 434.5750 434.8250
433.0875 433.3375 433.5875 433.8375 434.0875 434.3375 434.5875 434.8375
433.1000 433.3500 433.6000 433.8500 434.1000 434.3500 434.6000 434.8500
433.1125 433.3625 433.6125 433.8625 434.1125 434.3625 434.6125 434.8625
433.1250 433.3750 433.6250 433.8750 434.1250 434.3750 434.6250 434.8750
433.1375 433.3875 433.6375 433.8875 434.1375 434.3875 434.6375 434.8875
433.1500 433.4000 433.6500 433.9000 434.1500 434.4000 434.6500 434.9000
433.1625 433.4125 433.6625 433.9125 434.1625 434.4125 434.6625 434.9125
433.1750 433.4250 433.6750 433.9250 434.1750 434.4250 434.6750 434.9250
433.1875 433.4375 433.6875 433.9375 434.1875 434.4375 434.6875 434.9375
433.2000 433.4500 433.7000 433.9500 434.2000 434.4500 434.7000 434.9500
433.2125 433.4625 433.7125 433.9625 434.2125 434.4625 434.7125 434.9625
433.2250 433.4750 433.7250 433.9750 434.2250 434.4750 434.7250 434.9750
433.2375 433.4875 433.7375 433.9875 434.2375 434.4875 434.7375 434.9875
433.2500 433.5000 433.7500 434.0000 434.2500 434.5000 434.7500